(kicad_pcb (version 20171130) (host pcbnew "(5.0.2)-1")

  (general
    (thickness 1.2)
    (drawings 1)
    (tracks 273)
    (zones 0)
    (modules 76)
    (nets 75)
  )

  (page A4)
  (layers
    (0 F.Cu signal)
    (31 B.Cu signal)
    (32 B.Adhes user)
    (33 F.Adhes user)
    (34 B.Paste user)
    (35 F.Paste user)
    (36 B.SilkS user)
    (37 F.SilkS user)
    (38 B.Mask user)
    (39 F.Mask user)
    (40 Dwgs.User user)
    (41 Cmts.User user)
    (42 Eco1.User user)
    (43 Eco2.User user)
    (44 Edge.Cuts user)
    (45 Margin user)
    (46 B.CrtYd user)
    (47 F.CrtYd user)
    (48 B.Fab user hide)
    (49 F.Fab user hide)
  )

  (setup
    (last_trace_width 0.5)
    (user_trace_width 0.5)
    (trace_clearance 0.2)
    (zone_clearance 0.508)
    (zone_45_only no)
    (trace_min 0.2)
    (segment_width 0.2)
    (edge_width 0.15)
    (via_size 0.6)
    (via_drill 0.3)
    (via_min_size 0.4)
    (via_min_drill 0.3)
    (user_via 0.6 0.3)
    (uvia_size 0.3)
    (uvia_drill 0.1)
    (uvias_allowed no)
    (uvia_min_size 0.2)
    (uvia_min_drill 0.1)
    (pcb_text_width 0.3)
    (pcb_text_size 1.5 1.5)
    (mod_edge_width 0.15)
    (mod_text_size 1 1)
    (mod_text_width 0.15)
    (pad_size 1.524 1.524)
    (pad_drill 0.762)
    (pad_to_mask_clearance 0.051)
    (solder_mask_min_width 0.25)
    (aux_axis_origin 0 0)
    (visible_elements 7FFFFFFF)
    (pcbplotparams
      (layerselection 0x010fc_ffffffff)
      (usegerberextensions false)
      (usegerberattributes false)
      (usegerberadvancedattributes false)
      (creategerberjobfile false)
      (excludeedgelayer true)
      (linewidth 0.100000)
      (plotframeref false)
      (viasonmask false)
      (mode 1)
      (useauxorigin false)
      (hpglpennumber 1)
      (hpglpenspeed 20)
      (hpglpendiameter 15.000000)
      (psnegative false)
      (psa4output false)
      (plotreference true)
      (plotvalue true)
      (plotinvisibletext false)
      (padsonsilk false)
      (subtractmaskfromsilk false)
      (outputformat 1)
      (mirror false)
      (drillshape 1)
      (scaleselection 1)
      (outputdirectory ""))
  )

  (net 0 "")
  (net 1 "Net-(D14-Pad1)")
  (net 2 GND)
  (net 3 "Net-(D1-Pad1)")
  (net 4 "Net-(D2-Pad1)")
  (net 5 "Net-(D13-Pad1)")
  (net 6 "Net-(D11-Pad1)")
  (net 7 "Net-(D10-Pad1)")
  (net 8 "Net-(D20-Pad1)")
  (net 9 "Net-(D19-Pad1)")
  (net 10 "Net-(BT1-Pad1)")
  (net 11 "Net-(R1-Pad1)")
  (net 12 "Net-(U2-Pad9)")
  (net 13 "Net-(U2-Pad11)")
  (net 14 "Net-(R10-Pad1)")
  (net 15 "Net-(D4-Pad1)")
  (net 16 "Net-(R4-Pad1)")
  (net 17 "Net-(R17-Pad1)")
  (net 18 "Net-(D17-Pad1)")
  (net 19 "Net-(D16-Pad1)")
  (net 20 "Net-(R16-Pad1)")
  (net 21 "Net-(R15-Pad1)")
  (net 22 "Net-(D15-Pad1)")
  (net 23 "Net-(R14-Pad1)")
  (net 24 "Net-(R13-Pad1)")
  (net 25 "Net-(D12-Pad1)")
  (net 26 "Net-(R12-Pad1)")
  (net 27 "Net-(R11-Pad1)")
  (net 28 "Net-(R19-Pad1)")
  (net 29 "Net-(D8-Pad1)")
  (net 30 "Net-(R8-Pad1)")
  (net 31 "Net-(R7-Pad1)")
  (net 32 "Net-(D7-Pad1)")
  (net 33 "Net-(D6-Pad1)")
  (net 34 "Net-(R6-Pad1)")
  (net 35 "Net-(R5-Pad1)")
  (net 36 "Net-(D5-Pad1)")
  (net 37 "Net-(D3-Pad1)")
  (net 38 "Net-(R3-Pad1)")
  (net 39 "Net-(R27-Pad1)")
  (net 40 "Net-(D27-Pad1)")
  (net 41 "Net-(D21-Pad1)")
  (net 42 "Net-(R21-Pad1)")
  (net 43 "Net-(R2-Pad1)")
  (net 44 "Net-(R20-Pad1)")
  (net 45 "Net-(R32-Pad1)")
  (net 46 "Net-(D32-Pad1)")
  (net 47 "Net-(D31-Pad1)")
  (net 48 "Net-(R31-Pad1)")
  (net 49 "Net-(R30-Pad1)")
  (net 50 "Net-(D30-Pad1)")
  (net 51 "Net-(D29-Pad1)")
  (net 52 "Net-(R29-Pad1)")
  (net 53 "Net-(R28-Pad1)")
  (net 54 "Net-(D28-Pad1)")
  (net 55 "Net-(D18-Pad1)")
  (net 56 "Net-(R18-Pad1)")
  (net 57 "Net-(R26-Pad1)")
  (net 58 "Net-(D26-Pad1)")
  (net 59 "Net-(D25-Pad1)")
  (net 60 "Net-(R25-Pad1)")
  (net 61 "Net-(R24-Pad1)")
  (net 62 "Net-(D24-Pad1)")
  (net 63 "Net-(D23-Pad1)")
  (net 64 "Net-(R23-Pad1)")
  (net 65 "Net-(R22-Pad1)")
  (net 66 "Net-(D22-Pad1)")
  (net 67 "Net-(D9-Pad1)")
  (net 68 "Net-(R9-Pad1)")
  (net 69 +3V3)
  (net 70 "Net-(U2-Pad12)")
  (net 71 "Net-(U2-Pad14)")
  (net 72 "Net-(U4-Pad9)")
  (net 73 "Net-(U5-Pad9)")
  (net 74 "Net-(U3-Pad9)")

  (net_class Default "This is the default net class."
    (clearance 0.2)
    (trace_width 0.5)
    (via_dia 0.6)
    (via_drill 0.3)
    (uvia_dia 0.3)
    (uvia_drill 0.1)
    (add_net +3V3)
    (add_net GND)
    (add_net "Net-(BT1-Pad1)")
    (add_net "Net-(D1-Pad1)")
    (add_net "Net-(D10-Pad1)")
    (add_net "Net-(D11-Pad1)")
    (add_net "Net-(D12-Pad1)")
    (add_net "Net-(D13-Pad1)")
    (add_net "Net-(D14-Pad1)")
    (add_net "Net-(D15-Pad1)")
    (add_net "Net-(D16-Pad1)")
    (add_net "Net-(D17-Pad1)")
    (add_net "Net-(D18-Pad1)")
    (add_net "Net-(D19-Pad1)")
    (add_net "Net-(D2-Pad1)")
    (add_net "Net-(D20-Pad1)")
    (add_net "Net-(D21-Pad1)")
    (add_net "Net-(D22-Pad1)")
    (add_net "Net-(D23-Pad1)")
    (add_net "Net-(D24-Pad1)")
    (add_net "Net-(D25-Pad1)")
    (add_net "Net-(D26-Pad1)")
    (add_net "Net-(D27-Pad1)")
    (add_net "Net-(D28-Pad1)")
    (add_net "Net-(D29-Pad1)")
    (add_net "Net-(D3-Pad1)")
    (add_net "Net-(D30-Pad1)")
    (add_net "Net-(D31-Pad1)")
    (add_net "Net-(D32-Pad1)")
    (add_net "Net-(D4-Pad1)")
    (add_net "Net-(D5-Pad1)")
    (add_net "Net-(D6-Pad1)")
    (add_net "Net-(D7-Pad1)")
    (add_net "Net-(D8-Pad1)")
    (add_net "Net-(D9-Pad1)")
    (add_net "Net-(R1-Pad1)")
    (add_net "Net-(R10-Pad1)")
    (add_net "Net-(R11-Pad1)")
    (add_net "Net-(R12-Pad1)")
    (add_net "Net-(R13-Pad1)")
    (add_net "Net-(R14-Pad1)")
    (add_net "Net-(R15-Pad1)")
    (add_net "Net-(R16-Pad1)")
    (add_net "Net-(R17-Pad1)")
    (add_net "Net-(R18-Pad1)")
    (add_net "Net-(R19-Pad1)")
    (add_net "Net-(R2-Pad1)")
    (add_net "Net-(R20-Pad1)")
    (add_net "Net-(R21-Pad1)")
    (add_net "Net-(R22-Pad1)")
    (add_net "Net-(R23-Pad1)")
    (add_net "Net-(R24-Pad1)")
    (add_net "Net-(R25-Pad1)")
    (add_net "Net-(R26-Pad1)")
    (add_net "Net-(R27-Pad1)")
    (add_net "Net-(R28-Pad1)")
    (add_net "Net-(R29-Pad1)")
    (add_net "Net-(R3-Pad1)")
    (add_net "Net-(R30-Pad1)")
    (add_net "Net-(R31-Pad1)")
    (add_net "Net-(R32-Pad1)")
    (add_net "Net-(R4-Pad1)")
    (add_net "Net-(R5-Pad1)")
    (add_net "Net-(R6-Pad1)")
    (add_net "Net-(R7-Pad1)")
    (add_net "Net-(R8-Pad1)")
    (add_net "Net-(R9-Pad1)")
    (add_net "Net-(U2-Pad11)")
    (add_net "Net-(U2-Pad12)")
    (add_net "Net-(U2-Pad14)")
    (add_net "Net-(U2-Pad9)")
    (add_net "Net-(U3-Pad9)")
    (add_net "Net-(U4-Pad9)")
    (add_net "Net-(U5-Pad9)")
  )

  (module MountingHole:MountingHole_3.2mm_M3 (layer F.Cu) (tedit 5E42F30D) (tstamp 5E45265E)
    (at 75 125)
    (descr "Mounting Hole 3.2mm, no annular, M3")
    (tags "mounting hole 3.2mm no annular m3")
    (path /5E48CCBE)
    (attr virtual)
    (fp_text reference H4 (at 0 -4.2) (layer F.SilkS) hide
      (effects (font (size 1 1) (thickness 0.15)))
    )
    (fp_text value MountingHole (at 0 4.2) (layer F.Fab)
      (effects (font (size 1 1) (thickness 0.15)))
    )
    (fp_circle (center 0 0) (end 3.45 0) (layer F.CrtYd) (width 0.05))
    (fp_circle (center 0 0) (end 3.2 0) (layer Cmts.User) (width 0.15))
    (fp_text user %R (at 0.3 0) (layer F.Fab)
      (effects (font (size 1 1) (thickness 0.15)))
    )
    (pad 1 np_thru_hole circle (at 0 0) (size 3.2 3.2) (drill 3.2) (layers *.Cu *.Mask))
  )

  (module MountingHole:MountingHole_3.2mm_M3 (layer F.Cu) (tedit 5E42F30A) (tstamp 5E452656)
    (at 125 125)
    (descr "Mounting Hole 3.2mm, no annular, M3")
    (tags "mounting hole 3.2mm no annular m3")
    (path /5E48CC14)
    (attr virtual)
    (fp_text reference H3 (at 0 -4.2) (layer F.SilkS) hide
      (effects (font (size 1 1) (thickness 0.15)))
    )
    (fp_text value MountingHole (at 0 4.2) (layer F.Fab)
      (effects (font (size 1 1) (thickness 0.15)))
    )
    (fp_text user %R (at 0.3 0) (layer F.Fab)
      (effects (font (size 1 1) (thickness 0.15)))
    )
    (fp_circle (center 0 0) (end 3.2 0) (layer Cmts.User) (width 0.15))
    (fp_circle (center 0 0) (end 3.45 0) (layer F.CrtYd) (width 0.05))
    (pad 1 np_thru_hole circle (at 0 0) (size 3.2 3.2) (drill 3.2) (layers *.Cu *.Mask))
  )

  (module MountingHole:MountingHole_3.2mm_M3 (layer F.Cu) (tedit 5E42F307) (tstamp 5E45264E)
    (at 125 75)
    (descr "Mounting Hole 3.2mm, no annular, M3")
    (tags "mounting hole 3.2mm no annular m3")
    (path /5E48CB6C)
    (attr virtual)
    (fp_text reference H2 (at 0 -4.2) (layer F.SilkS) hide
      (effects (font (size 1 1) (thickness 0.15)))
    )
    (fp_text value MountingHole (at 0 4.2) (layer F.Fab)
      (effects (font (size 1 1) (thickness 0.15)))
    )
    (fp_circle (center 0 0) (end 3.45 0) (layer F.CrtYd) (width 0.05))
    (fp_circle (center 0 0) (end 3.2 0) (layer Cmts.User) (width 0.15))
    (fp_text user %R (at 0.3 0) (layer F.Fab)
      (effects (font (size 1 1) (thickness 0.15)))
    )
    (pad 1 np_thru_hole circle (at 0 0) (size 3.2 3.2) (drill 3.2) (layers *.Cu *.Mask))
  )

  (module MountingHole:MountingHole_3.2mm_M3 (layer F.Cu) (tedit 5E42F304) (tstamp 5E452646)
    (at 75 75)
    (descr "Mounting Hole 3.2mm, no annular, M3")
    (tags "mounting hole 3.2mm no annular m3")
    (path /5E48C7A7)
    (attr virtual)
    (fp_text reference H1 (at 0 -4.2) (layer F.SilkS) hide
      (effects (font (size 1 1) (thickness 0.15)))
    )
    (fp_text value MountingHole (at 0 4.2) (layer F.Fab)
      (effects (font (size 1 1) (thickness 0.15)))
    )
    (fp_text user %R (at 0.3 0) (layer F.Fab)
      (effects (font (size 1 1) (thickness 0.15)))
    )
    (fp_circle (center 0 0) (end 3.2 0) (layer Cmts.User) (width 0.15))
    (fp_circle (center 0 0) (end 3.45 0) (layer F.CrtYd) (width 0.05))
    (pad 1 np_thru_hole circle (at 0 0) (size 3.2 3.2) (drill 3.2) (layers *.Cu *.Mask))
  )

  (module Capacitor_SMD:C_1206_3216Metric (layer B.Cu) (tedit 5B301BBE) (tstamp 5E43DDDE)
    (at 92.257598 61.087915)
    (descr "Capacitor SMD 1206 (3216 Metric), square (rectangular) end terminal, IPC_7351 nominal, (Body size source: http://www.tortai-tech.com/upload/download/2011102023233369053.pdf), generated with kicad-footprint-generator")
    (tags capacitor)
    (path /5E46AC3F)
    (attr smd)
    (fp_text reference C1 (at 0 1.82) (layer B.SilkS)
      (effects (font (size 1 1) (thickness 0.15)) (justify mirror))
    )
    (fp_text value 10u (at 0 -1.82) (layer B.Fab)
      (effects (font (size 1 1) (thickness 0.15)) (justify mirror))
    )
    (fp_text user %R (at 0 0) (layer B.Fab)
      (effects (font (size 0.8 0.8) (thickness 0.12)) (justify mirror))
    )
    (fp_line (start 2.28 -1.12) (end -2.28 -1.12) (layer B.CrtYd) (width 0.05))
    (fp_line (start 2.28 1.12) (end 2.28 -1.12) (layer B.CrtYd) (width 0.05))
    (fp_line (start -2.28 1.12) (end 2.28 1.12) (layer B.CrtYd) (width 0.05))
    (fp_line (start -2.28 -1.12) (end -2.28 1.12) (layer B.CrtYd) (width 0.05))
    (fp_line (start -0.602064 -0.91) (end 0.602064 -0.91) (layer B.SilkS) (width 0.12))
    (fp_line (start -0.602064 0.91) (end 0.602064 0.91) (layer B.SilkS) (width 0.12))
    (fp_line (start 1.6 -0.8) (end -1.6 -0.8) (layer B.Fab) (width 0.1))
    (fp_line (start 1.6 0.8) (end 1.6 -0.8) (layer B.Fab) (width 0.1))
    (fp_line (start -1.6 0.8) (end 1.6 0.8) (layer B.Fab) (width 0.1))
    (fp_line (start -1.6 -0.8) (end -1.6 0.8) (layer B.Fab) (width 0.1))
    (pad 2 smd roundrect (at 1.4 0) (size 1.25 1.75) (layers B.Cu B.Paste B.Mask) (roundrect_rratio 0.2)
      (net 2 GND))
    (pad 1 smd roundrect (at -1.4 0) (size 1.25 1.75) (layers B.Cu B.Paste B.Mask) (roundrect_rratio 0.2)
      (net 10 "Net-(BT1-Pad1)"))
    (model ${KISYS3DMOD}/Capacitor_SMD.3dshapes/C_1206_3216Metric.wrl
      (at (xyz 0 0 0))
      (scale (xyz 1 1 1))
      (rotate (xyz 0 0 0))
    )
  )

  (module Capacitor_SMD:C_1206_3216Metric (layer B.Cu) (tedit 5B301BBE) (tstamp 5E43DDCD)
    (at 92.257598 71.087915 180)
    (descr "Capacitor SMD 1206 (3216 Metric), square (rectangular) end terminal, IPC_7351 nominal, (Body size source: http://www.tortai-tech.com/upload/download/2011102023233369053.pdf), generated with kicad-footprint-generator")
    (tags capacitor)
    (path /5E46AD91)
    (attr smd)
    (fp_text reference C2 (at 0 1.82 180) (layer B.SilkS)
      (effects (font (size 1 1) (thickness 0.15)) (justify mirror))
    )
    (fp_text value 10u (at 0 -1.82 180) (layer B.Fab)
      (effects (font (size 1 1) (thickness 0.15)) (justify mirror))
    )
    (fp_line (start -1.6 -0.8) (end -1.6 0.8) (layer B.Fab) (width 0.1))
    (fp_line (start -1.6 0.8) (end 1.6 0.8) (layer B.Fab) (width 0.1))
    (fp_line (start 1.6 0.8) (end 1.6 -0.8) (layer B.Fab) (width 0.1))
    (fp_line (start 1.6 -0.8) (end -1.6 -0.8) (layer B.Fab) (width 0.1))
    (fp_line (start -0.602064 0.91) (end 0.602064 0.91) (layer B.SilkS) (width 0.12))
    (fp_line (start -0.602064 -0.91) (end 0.602064 -0.91) (layer B.SilkS) (width 0.12))
    (fp_line (start -2.28 -1.12) (end -2.28 1.12) (layer B.CrtYd) (width 0.05))
    (fp_line (start -2.28 1.12) (end 2.28 1.12) (layer B.CrtYd) (width 0.05))
    (fp_line (start 2.28 1.12) (end 2.28 -1.12) (layer B.CrtYd) (width 0.05))
    (fp_line (start 2.28 -1.12) (end -2.28 -1.12) (layer B.CrtYd) (width 0.05))
    (fp_text user %R (at 0 0 180) (layer B.Fab)
      (effects (font (size 0.8 0.8) (thickness 0.12)) (justify mirror))
    )
    (pad 1 smd roundrect (at -1.4 0 180) (size 1.25 1.75) (layers B.Cu B.Paste B.Mask) (roundrect_rratio 0.2)
      (net 69 +3V3))
    (pad 2 smd roundrect (at 1.4 0 180) (size 1.25 1.75) (layers B.Cu B.Paste B.Mask) (roundrect_rratio 0.2)
      (net 2 GND))
    (model ${KISYS3DMOD}/Capacitor_SMD.3dshapes/C_1206_3216Metric.wrl
      (at (xyz 0 0 0))
      (scale (xyz 1 1 1))
      (rotate (xyz 0 0 0))
    )
  )

  (module Connector_JST:JST_PH_S2B-PH-K_1x02_P2.00mm_Horizontal (layer B.Cu) (tedit 5B7745C6) (tstamp 5E43DDBC)
    (at 82 69 225)
    (descr "JST PH series connector, S2B-PH-K (http://www.jst-mfg.com/product/pdf/eng/ePH.pdf), generated with kicad-footprint-generator")
    (tags "connector JST PH top entry")
    (path /5E46A1C7)
    (fp_text reference BT1 (at 1 2.55 225) (layer B.SilkS)
      (effects (font (size 1 1) (thickness 0.15)) (justify mirror))
    )
    (fp_text value Battery_Cell (at 1 -7.45 225) (layer B.Fab)
      (effects (font (size 1 1) (thickness 0.15)) (justify mirror))
    )
    (fp_line (start -0.86 -0.14) (end -1.14 -0.14) (layer B.SilkS) (width 0.12))
    (fp_line (start -1.14 -0.14) (end -1.14 1.46) (layer B.SilkS) (width 0.12))
    (fp_line (start -1.14 1.46) (end -2.06 1.46) (layer B.SilkS) (width 0.12))
    (fp_line (start -2.06 1.46) (end -2.06 -6.36) (layer B.SilkS) (width 0.12))
    (fp_line (start -2.06 -6.36) (end 4.06 -6.36) (layer B.SilkS) (width 0.12))
    (fp_line (start 4.06 -6.36) (end 4.06 1.46) (layer B.SilkS) (width 0.12))
    (fp_line (start 4.06 1.46) (end 3.14 1.46) (layer B.SilkS) (width 0.12))
    (fp_line (start 3.14 1.46) (end 3.14 -0.14) (layer B.SilkS) (width 0.12))
    (fp_line (start 3.14 -0.14) (end 2.86 -0.14) (layer B.SilkS) (width 0.12))
    (fp_line (start 0.5 -6.36) (end 0.5 -2) (layer B.SilkS) (width 0.12))
    (fp_line (start 0.5 -2) (end 1.5 -2) (layer B.SilkS) (width 0.12))
    (fp_line (start 1.5 -2) (end 1.5 -6.36) (layer B.SilkS) (width 0.12))
    (fp_line (start -2.06 -0.14) (end -1.14 -0.14) (layer B.SilkS) (width 0.12))
    (fp_line (start 4.06 -0.14) (end 3.14 -0.14) (layer B.SilkS) (width 0.12))
    (fp_line (start -1.3 -2.5) (end -1.3 -4.1) (layer B.SilkS) (width 0.12))
    (fp_line (start -1.3 -4.1) (end -0.3 -4.1) (layer B.SilkS) (width 0.12))
    (fp_line (start -0.3 -4.1) (end -0.3 -2.5) (layer B.SilkS) (width 0.12))
    (fp_line (start -0.3 -2.5) (end -1.3 -2.5) (layer B.SilkS) (width 0.12))
    (fp_line (start 3.3 -2.5) (end 3.3 -4.1) (layer B.SilkS) (width 0.12))
    (fp_line (start 3.3 -4.1) (end 2.3 -4.1) (layer B.SilkS) (width 0.12))
    (fp_line (start 2.3 -4.1) (end 2.3 -2.5) (layer B.SilkS) (width 0.12))
    (fp_line (start 2.3 -2.5) (end 3.3 -2.5) (layer B.SilkS) (width 0.12))
    (fp_line (start -0.3 -4.1) (end -0.3 -6.36) (layer B.SilkS) (width 0.12))
    (fp_line (start -0.8 -4.1) (end -0.8 -6.36) (layer B.SilkS) (width 0.12))
    (fp_line (start -2.45 1.85) (end -2.45 -6.75) (layer B.CrtYd) (width 0.05))
    (fp_line (start -2.45 -6.75) (end 4.45 -6.75) (layer B.CrtYd) (width 0.05))
    (fp_line (start 4.45 -6.75) (end 4.45 1.85) (layer B.CrtYd) (width 0.05))
    (fp_line (start 4.45 1.85) (end -2.45 1.85) (layer B.CrtYd) (width 0.05))
    (fp_line (start -1.25 -0.25) (end -1.25 1.35) (layer B.Fab) (width 0.1))
    (fp_line (start -1.25 1.35) (end -1.95 1.35) (layer B.Fab) (width 0.1))
    (fp_line (start -1.95 1.35) (end -1.95 -6.25) (layer B.Fab) (width 0.1))
    (fp_line (start -1.95 -6.25) (end 3.95 -6.25) (layer B.Fab) (width 0.1))
    (fp_line (start 3.95 -6.25) (end 3.95 1.35) (layer B.Fab) (width 0.1))
    (fp_line (start 3.95 1.35) (end 3.25 1.35) (layer B.Fab) (width 0.1))
    (fp_line (start 3.25 1.35) (end 3.25 -0.25) (layer B.Fab) (width 0.1))
    (fp_line (start 3.25 -0.25) (end -1.25 -0.25) (layer B.Fab) (width 0.1))
    (fp_line (start -0.86 -0.14) (end -0.86 1.075) (layer B.SilkS) (width 0.12))
    (fp_line (start 0 -0.875) (end -0.5 -1.375) (layer B.Fab) (width 0.1))
    (fp_line (start -0.5 -1.375) (end 0.5 -1.375) (layer B.Fab) (width 0.1))
    (fp_line (start 0.5 -1.375) (end 0 -0.875) (layer B.Fab) (width 0.1))
    (fp_text user %R (at 1 -2.5 225) (layer B.Fab)
      (effects (font (size 1 1) (thickness 0.15)) (justify mirror))
    )
    (pad 1 thru_hole roundrect (at 0 0 225) (size 1.2 1.75) (drill 0.75) (layers *.Cu *.Mask) (roundrect_rratio 0.208333)
      (net 10 "Net-(BT1-Pad1)"))
    (pad 2 thru_hole oval (at 2 0 225) (size 1.2 1.75) (drill 0.75) (layers *.Cu *.Mask)
      (net 2 GND))
    (model ${KISYS3DMOD}/Connector_JST.3dshapes/JST_PH_S2B-PH-K_1x02_P2.00mm_Horizontal.wrl
      (at (xyz 0 0 0))
      (scale (xyz 1 1 1))
      (rotate (xyz 0 0 0))
    )
  )

  (module LED_THT:LED_D5.0mm (layer F.Cu) (tedit 5995936A) (tstamp 5E43DD8D)
    (at 100 145 270)
    (descr "LED, diameter 5.0mm, 2 pins, http://cdn-reichelt.de/documents/datenblatt/A500/LL-504BC2E-009.pdf")
    (tags "LED diameter 5.0mm 2 pins")
    (path /5E4350AF)
    (fp_text reference D17 (at 1.27 -3.96 270) (layer F.SilkS)
      (effects (font (size 1 1) (thickness 0.15)))
    )
    (fp_text value LED (at 1.27 3.96 270) (layer F.Fab)
      (effects (font (size 1 1) (thickness 0.15)))
    )
    (fp_text user %R (at 1.25 0 270) (layer F.Fab)
      (effects (font (size 0.8 0.8) (thickness 0.2)))
    )
    (fp_line (start 4.5 -3.25) (end -1.95 -3.25) (layer F.CrtYd) (width 0.05))
    (fp_line (start 4.5 3.25) (end 4.5 -3.25) (layer F.CrtYd) (width 0.05))
    (fp_line (start -1.95 3.25) (end 4.5 3.25) (layer F.CrtYd) (width 0.05))
    (fp_line (start -1.95 -3.25) (end -1.95 3.25) (layer F.CrtYd) (width 0.05))
    (fp_line (start -1.29 -1.545) (end -1.29 1.545) (layer F.SilkS) (width 0.12))
    (fp_line (start -1.23 -1.469694) (end -1.23 1.469694) (layer F.Fab) (width 0.1))
    (fp_circle (center 1.27 0) (end 3.77 0) (layer F.SilkS) (width 0.12))
    (fp_circle (center 1.27 0) (end 3.77 0) (layer F.Fab) (width 0.1))
    (fp_arc (start 1.27 0) (end -1.29 1.54483) (angle -148.9) (layer F.SilkS) (width 0.12))
    (fp_arc (start 1.27 0) (end -1.29 -1.54483) (angle 148.9) (layer F.SilkS) (width 0.12))
    (fp_arc (start 1.27 0) (end -1.23 -1.469694) (angle 299.1) (layer F.Fab) (width 0.1))
    (pad 2 thru_hole circle (at 2.54 0 270) (size 1.8 1.8) (drill 0.9) (layers *.Cu *.Mask)
      (net 69 +3V3))
    (pad 1 thru_hole rect (at 0 0 270) (size 1.8 1.8) (drill 0.9) (layers *.Cu *.Mask)
      (net 18 "Net-(D17-Pad1)"))
    (model ${KISYS3DMOD}/LED_THT.3dshapes/LED_D5.0mm.wrl
      (at (xyz 0 0 0))
      (scale (xyz 1 1 1))
      (rotate (xyz 0 0 0))
    )
  )

  (module LED_THT:LED_D5.0mm (layer F.Cu) (tedit 5995936A) (tstamp 5E43DD7B)
    (at 74.999339 62.583867 123.75)
    (descr "LED, diameter 5.0mm, 2 pins, http://cdn-reichelt.de/documents/datenblatt/A500/LL-504BC2E-009.pdf")
    (tags "LED diameter 5.0mm 2 pins")
    (path /5E4369D7)
    (fp_text reference D30 (at 1.27 -3.96 123.75) (layer F.SilkS)
      (effects (font (size 1 1) (thickness 0.15)))
    )
    (fp_text value LED (at 1.27 3.96 123.75) (layer F.Fab)
      (effects (font (size 1 1) (thickness 0.15)))
    )
    (fp_arc (start 1.27 0) (end -1.23 -1.469694) (angle 299.1) (layer F.Fab) (width 0.1))
    (fp_arc (start 1.27 0) (end -1.29 -1.54483) (angle 148.9) (layer F.SilkS) (width 0.12))
    (fp_arc (start 1.27 0) (end -1.29 1.54483) (angle -148.9) (layer F.SilkS) (width 0.12))
    (fp_circle (center 1.27 0) (end 3.77 0) (layer F.Fab) (width 0.1))
    (fp_circle (center 1.27 0) (end 3.77 0) (layer F.SilkS) (width 0.12))
    (fp_line (start -1.23 -1.469694) (end -1.23 1.469694) (layer F.Fab) (width 0.1))
    (fp_line (start -1.29 -1.545) (end -1.29 1.545) (layer F.SilkS) (width 0.12))
    (fp_line (start -1.95 -3.25) (end -1.95 3.25) (layer F.CrtYd) (width 0.05))
    (fp_line (start -1.95 3.25) (end 4.5 3.25) (layer F.CrtYd) (width 0.05))
    (fp_line (start 4.5 3.25) (end 4.5 -3.25) (layer F.CrtYd) (width 0.05))
    (fp_line (start 4.5 -3.25) (end -1.95 -3.25) (layer F.CrtYd) (width 0.05))
    (fp_text user %R (at 1.25 0 123.75) (layer F.Fab)
      (effects (font (size 0.8 0.8) (thickness 0.2)))
    )
    (pad 1 thru_hole rect (at 0 0 123.75) (size 1.8 1.8) (drill 0.9) (layers *.Cu *.Mask)
      (net 50 "Net-(D30-Pad1)"))
    (pad 2 thru_hole circle (at 2.54 0 123.75) (size 1.8 1.8) (drill 0.9) (layers *.Cu *.Mask)
      (net 69 +3V3))
    (model ${KISYS3DMOD}/LED_THT.3dshapes/LED_D5.0mm.wrl
      (at (xyz 0 0 0))
      (scale (xyz 1 1 1))
      (rotate (xyz 0 0 0))
    )
  )

  (module LED_THT:LED_D5.0mm (layer F.Cu) (tedit 5995936A) (tstamp 5E43DD69)
    (at 68.180194 68.180194 135)
    (descr "LED, diameter 5.0mm, 2 pins, http://cdn-reichelt.de/documents/datenblatt/A500/LL-504BC2E-009.pdf")
    (tags "LED diameter 5.0mm 2 pins")
    (path /5E4369C9)
    (fp_text reference D29 (at 1.27 -3.96 135) (layer F.SilkS)
      (effects (font (size 1 1) (thickness 0.15)))
    )
    (fp_text value LED (at 1.27 3.96 135) (layer F.Fab)
      (effects (font (size 1 1) (thickness 0.15)))
    )
    (fp_text user %R (at 1.25 0 135) (layer F.Fab)
      (effects (font (size 0.8 0.8) (thickness 0.2)))
    )
    (fp_line (start 4.5 -3.25) (end -1.95 -3.25) (layer F.CrtYd) (width 0.05))
    (fp_line (start 4.5 3.25) (end 4.5 -3.25) (layer F.CrtYd) (width 0.05))
    (fp_line (start -1.95 3.25) (end 4.5 3.25) (layer F.CrtYd) (width 0.05))
    (fp_line (start -1.95 -3.25) (end -1.95 3.25) (layer F.CrtYd) (width 0.05))
    (fp_line (start -1.29 -1.545) (end -1.29 1.545) (layer F.SilkS) (width 0.12))
    (fp_line (start -1.23 -1.469694) (end -1.23 1.469694) (layer F.Fab) (width 0.1))
    (fp_circle (center 1.27 0) (end 3.77 0) (layer F.SilkS) (width 0.12))
    (fp_circle (center 1.27 0) (end 3.77 0) (layer F.Fab) (width 0.1))
    (fp_arc (start 1.27 0) (end -1.29 1.54483) (angle -148.9) (layer F.SilkS) (width 0.12))
    (fp_arc (start 1.27 0) (end -1.29 -1.54483) (angle 148.9) (layer F.SilkS) (width 0.12))
    (fp_arc (start 1.27 0) (end -1.23 -1.469694) (angle 299.1) (layer F.Fab) (width 0.1))
    (pad 2 thru_hole circle (at 2.54 0 135) (size 1.8 1.8) (drill 0.9) (layers *.Cu *.Mask)
      (net 69 +3V3))
    (pad 1 thru_hole rect (at 0 0 135) (size 1.8 1.8) (drill 0.9) (layers *.Cu *.Mask)
      (net 51 "Net-(D29-Pad1)"))
    (model ${KISYS3DMOD}/LED_THT.3dshapes/LED_D5.0mm.wrl
      (at (xyz 0 0 0))
      (scale (xyz 1 1 1))
      (rotate (xyz 0 0 0))
    )
  )

  (module LED_THT:LED_D5.0mm (layer F.Cu) (tedit 5995936A) (tstamp 5E43DD57)
    (at 62.583867 74.999339 146.25)
    (descr "LED, diameter 5.0mm, 2 pins, http://cdn-reichelt.de/documents/datenblatt/A500/LL-504BC2E-009.pdf")
    (tags "LED diameter 5.0mm 2 pins")
    (path /5E4369BB)
    (fp_text reference D28 (at 1.27 -3.96 146.25) (layer F.SilkS)
      (effects (font (size 1 1) (thickness 0.15)))
    )
    (fp_text value LED (at 1.27 3.96 146.25) (layer F.Fab)
      (effects (font (size 1 1) (thickness 0.15)))
    )
    (fp_arc (start 1.27 0) (end -1.23 -1.469694) (angle 299.1) (layer F.Fab) (width 0.1))
    (fp_arc (start 1.27 0) (end -1.29 -1.54483) (angle 148.9) (layer F.SilkS) (width 0.12))
    (fp_arc (start 1.27 0) (end -1.29 1.54483) (angle -148.9) (layer F.SilkS) (width 0.12))
    (fp_circle (center 1.27 0) (end 3.77 0) (layer F.Fab) (width 0.1))
    (fp_circle (center 1.27 0) (end 3.77 0) (layer F.SilkS) (width 0.12))
    (fp_line (start -1.23 -1.469694) (end -1.23 1.469694) (layer F.Fab) (width 0.1))
    (fp_line (start -1.29 -1.545) (end -1.29 1.545) (layer F.SilkS) (width 0.12))
    (fp_line (start -1.95 -3.25) (end -1.95 3.25) (layer F.CrtYd) (width 0.05))
    (fp_line (start -1.95 3.25) (end 4.5 3.25) (layer F.CrtYd) (width 0.05))
    (fp_line (start 4.5 3.25) (end 4.5 -3.25) (layer F.CrtYd) (width 0.05))
    (fp_line (start 4.5 -3.25) (end -1.95 -3.25) (layer F.CrtYd) (width 0.05))
    (fp_text user %R (at 1.25 0 146.25) (layer F.Fab)
      (effects (font (size 0.8 0.8) (thickness 0.2)))
    )
    (pad 1 thru_hole rect (at 0 0 146.25) (size 1.8 1.8) (drill 0.9) (layers *.Cu *.Mask)
      (net 54 "Net-(D28-Pad1)"))
    (pad 2 thru_hole circle (at 2.54 0 146.25) (size 1.8 1.8) (drill 0.9) (layers *.Cu *.Mask)
      (net 69 +3V3))
    (model ${KISYS3DMOD}/LED_THT.3dshapes/LED_D5.0mm.wrl
      (at (xyz 0 0 0))
      (scale (xyz 1 1 1))
      (rotate (xyz 0 0 0))
    )
  )

  (module LED_THT:LED_D5.0mm (layer F.Cu) (tedit 5995936A) (tstamp 5E43DD45)
    (at 58.425421 82.779245 157.5)
    (descr "LED, diameter 5.0mm, 2 pins, http://cdn-reichelt.de/documents/datenblatt/A500/LL-504BC2E-009.pdf")
    (tags "LED diameter 5.0mm 2 pins")
    (path /5E4369AD)
    (fp_text reference D27 (at 1.27 -3.96 157.5) (layer F.SilkS)
      (effects (font (size 1 1) (thickness 0.15)))
    )
    (fp_text value LED (at 1.27 3.96 157.5) (layer F.Fab)
      (effects (font (size 1 1) (thickness 0.15)))
    )
    (fp_text user %R (at 1.25 0 157.5) (layer F.Fab)
      (effects (font (size 0.8 0.8) (thickness 0.2)))
    )
    (fp_line (start 4.5 -3.25) (end -1.95 -3.25) (layer F.CrtYd) (width 0.05))
    (fp_line (start 4.5 3.25) (end 4.5 -3.25) (layer F.CrtYd) (width 0.05))
    (fp_line (start -1.95 3.25) (end 4.5 3.25) (layer F.CrtYd) (width 0.05))
    (fp_line (start -1.95 -3.25) (end -1.95 3.25) (layer F.CrtYd) (width 0.05))
    (fp_line (start -1.29 -1.545) (end -1.29 1.545) (layer F.SilkS) (width 0.12))
    (fp_line (start -1.23 -1.469694) (end -1.23 1.469694) (layer F.Fab) (width 0.1))
    (fp_circle (center 1.27 0) (end 3.77 0) (layer F.SilkS) (width 0.12))
    (fp_circle (center 1.27 0) (end 3.77 0) (layer F.Fab) (width 0.1))
    (fp_arc (start 1.27 0) (end -1.29 1.54483) (angle -148.9) (layer F.SilkS) (width 0.12))
    (fp_arc (start 1.27 0) (end -1.29 -1.54483) (angle 148.9) (layer F.SilkS) (width 0.12))
    (fp_arc (start 1.27 0) (end -1.23 -1.469694) (angle 299.1) (layer F.Fab) (width 0.1))
    (pad 2 thru_hole circle (at 2.54 0 157.5) (size 1.8 1.8) (drill 0.9) (layers *.Cu *.Mask)
      (net 69 +3V3))
    (pad 1 thru_hole rect (at 0 0 157.5) (size 1.8 1.8) (drill 0.9) (layers *.Cu *.Mask)
      (net 40 "Net-(D27-Pad1)"))
    (model ${KISYS3DMOD}/LED_THT.3dshapes/LED_D5.0mm.wrl
      (at (xyz 0 0 0))
      (scale (xyz 1 1 1))
      (rotate (xyz 0 0 0))
    )
  )

  (module LED_THT:LED_D5.0mm (layer F.Cu) (tedit 5995936A) (tstamp 5E43DD33)
    (at 55.864662 91.220935 168.75)
    (descr "LED, diameter 5.0mm, 2 pins, http://cdn-reichelt.de/documents/datenblatt/A500/LL-504BC2E-009.pdf")
    (tags "LED diameter 5.0mm 2 pins")
    (path /5E43699F)
    (fp_text reference D26 (at 1.27 -3.96 168.75) (layer F.SilkS)
      (effects (font (size 1 1) (thickness 0.15)))
    )
    (fp_text value LED (at 1.27 3.96 168.75) (layer F.Fab)
      (effects (font (size 1 1) (thickness 0.15)))
    )
    (fp_arc (start 1.27 0) (end -1.23 -1.469694) (angle 299.1) (layer F.Fab) (width 0.1))
    (fp_arc (start 1.27 0) (end -1.29 -1.54483) (angle 148.9) (layer F.SilkS) (width 0.12))
    (fp_arc (start 1.27 0) (end -1.29 1.54483) (angle -148.9) (layer F.SilkS) (width 0.12))
    (fp_circle (center 1.27 0) (end 3.77 0) (layer F.Fab) (width 0.1))
    (fp_circle (center 1.27 0) (end 3.77 0) (layer F.SilkS) (width 0.12))
    (fp_line (start -1.23 -1.469694) (end -1.23 1.469694) (layer F.Fab) (width 0.1))
    (fp_line (start -1.29 -1.545) (end -1.29 1.545) (layer F.SilkS) (width 0.12))
    (fp_line (start -1.95 -3.25) (end -1.95 3.25) (layer F.CrtYd) (width 0.05))
    (fp_line (start -1.95 3.25) (end 4.5 3.25) (layer F.CrtYd) (width 0.05))
    (fp_line (start 4.5 3.25) (end 4.5 -3.25) (layer F.CrtYd) (width 0.05))
    (fp_line (start 4.5 -3.25) (end -1.95 -3.25) (layer F.CrtYd) (width 0.05))
    (fp_text user %R (at 1.25 0 168.75) (layer F.Fab)
      (effects (font (size 0.8 0.8) (thickness 0.2)))
    )
    (pad 1 thru_hole rect (at 0 0 168.75) (size 1.8 1.8) (drill 0.9) (layers *.Cu *.Mask)
      (net 58 "Net-(D26-Pad1)"))
    (pad 2 thru_hole circle (at 2.54 0 168.75) (size 1.8 1.8) (drill 0.9) (layers *.Cu *.Mask)
      (net 69 +3V3))
    (model ${KISYS3DMOD}/LED_THT.3dshapes/LED_D5.0mm.wrl
      (at (xyz 0 0 0))
      (scale (xyz 1 1 1))
      (rotate (xyz 0 0 0))
    )
  )

  (module LED_THT:LED_D5.0mm (layer F.Cu) (tedit 5995936A) (tstamp 5E43DD21)
    (at 55 100 180)
    (descr "LED, diameter 5.0mm, 2 pins, http://cdn-reichelt.de/documents/datenblatt/A500/LL-504BC2E-009.pdf")
    (tags "LED diameter 5.0mm 2 pins")
    (path /5E436991)
    (fp_text reference D25 (at 1.27 -3.96 180) (layer F.SilkS)
      (effects (font (size 1 1) (thickness 0.15)))
    )
    (fp_text value LED (at 1.27 3.96 180) (layer F.Fab)
      (effects (font (size 1 1) (thickness 0.15)))
    )
    (fp_text user %R (at 1.25 0 180) (layer F.Fab)
      (effects (font (size 0.8 0.8) (thickness 0.2)))
    )
    (fp_line (start 4.5 -3.25) (end -1.95 -3.25) (layer F.CrtYd) (width 0.05))
    (fp_line (start 4.5 3.25) (end 4.5 -3.25) (layer F.CrtYd) (width 0.05))
    (fp_line (start -1.95 3.25) (end 4.5 3.25) (layer F.CrtYd) (width 0.05))
    (fp_line (start -1.95 -3.25) (end -1.95 3.25) (layer F.CrtYd) (width 0.05))
    (fp_line (start -1.29 -1.545) (end -1.29 1.545) (layer F.SilkS) (width 0.12))
    (fp_line (start -1.23 -1.469694) (end -1.23 1.469694) (layer F.Fab) (width 0.1))
    (fp_circle (center 1.27 0) (end 3.77 0) (layer F.SilkS) (width 0.12))
    (fp_circle (center 1.27 0) (end 3.77 0) (layer F.Fab) (width 0.1))
    (fp_arc (start 1.27 0) (end -1.29 1.54483) (angle -148.9) (layer F.SilkS) (width 0.12))
    (fp_arc (start 1.27 0) (end -1.29 -1.54483) (angle 148.9) (layer F.SilkS) (width 0.12))
    (fp_arc (start 1.27 0) (end -1.23 -1.469694) (angle 299.1) (layer F.Fab) (width 0.1))
    (pad 2 thru_hole circle (at 2.54 0 180) (size 1.8 1.8) (drill 0.9) (layers *.Cu *.Mask)
      (net 69 +3V3))
    (pad 1 thru_hole rect (at 0 0 180) (size 1.8 1.8) (drill 0.9) (layers *.Cu *.Mask)
      (net 59 "Net-(D25-Pad1)"))
    (model ${KISYS3DMOD}/LED_THT.3dshapes/LED_D5.0mm.wrl
      (at (xyz 0 0 0))
      (scale (xyz 1 1 1))
      (rotate (xyz 0 0 0))
    )
  )

  (module LED_THT:LED_D5.0mm (layer F.Cu) (tedit 5995936A) (tstamp 5E43DD0F)
    (at 55.864662 108.779064 191.25)
    (descr "LED, diameter 5.0mm, 2 pins, http://cdn-reichelt.de/documents/datenblatt/A500/LL-504BC2E-009.pdf")
    (tags "LED diameter 5.0mm 2 pins")
    (path /5E435111)
    (fp_text reference D24 (at 1.27 -3.96 191.25) (layer F.SilkS)
      (effects (font (size 1 1) (thickness 0.15)))
    )
    (fp_text value LED (at 1.27 3.96 191.25) (layer F.Fab)
      (effects (font (size 1 1) (thickness 0.15)))
    )
    (fp_arc (start 1.27 0) (end -1.23 -1.469694) (angle 299.1) (layer F.Fab) (width 0.1))
    (fp_arc (start 1.27 0) (end -1.29 -1.54483) (angle 148.9) (layer F.SilkS) (width 0.12))
    (fp_arc (start 1.27 0) (end -1.29 1.54483) (angle -148.9) (layer F.SilkS) (width 0.12))
    (fp_circle (center 1.27 0) (end 3.77 0) (layer F.Fab) (width 0.1))
    (fp_circle (center 1.27 0) (end 3.77 0) (layer F.SilkS) (width 0.12))
    (fp_line (start -1.23 -1.469694) (end -1.23 1.469694) (layer F.Fab) (width 0.1))
    (fp_line (start -1.29 -1.545) (end -1.29 1.545) (layer F.SilkS) (width 0.12))
    (fp_line (start -1.95 -3.25) (end -1.95 3.25) (layer F.CrtYd) (width 0.05))
    (fp_line (start -1.95 3.25) (end 4.5 3.25) (layer F.CrtYd) (width 0.05))
    (fp_line (start 4.5 3.25) (end 4.5 -3.25) (layer F.CrtYd) (width 0.05))
    (fp_line (start 4.5 -3.25) (end -1.95 -3.25) (layer F.CrtYd) (width 0.05))
    (fp_text user %R (at 1.25 0 191.25) (layer F.Fab)
      (effects (font (size 0.8 0.8) (thickness 0.2)))
    )
    (pad 1 thru_hole rect (at 0 0 191.25) (size 1.8 1.8) (drill 0.9) (layers *.Cu *.Mask)
      (net 62 "Net-(D24-Pad1)"))
    (pad 2 thru_hole circle (at 2.54 0 191.25) (size 1.8 1.8) (drill 0.9) (layers *.Cu *.Mask)
      (net 69 +3V3))
    (model ${KISYS3DMOD}/LED_THT.3dshapes/LED_D5.0mm.wrl
      (at (xyz 0 0 0))
      (scale (xyz 1 1 1))
      (rotate (xyz 0 0 0))
    )
  )

  (module LED_THT:LED_D5.0mm (layer F.Cu) (tedit 5995936A) (tstamp 5E43DCFD)
    (at 58.425421 117.220754 202.5)
    (descr "LED, diameter 5.0mm, 2 pins, http://cdn-reichelt.de/documents/datenblatt/A500/LL-504BC2E-009.pdf")
    (tags "LED diameter 5.0mm 2 pins")
    (path /5E435103)
    (fp_text reference D23 (at 1.27 -3.96 202.5) (layer F.SilkS)
      (effects (font (size 1 1) (thickness 0.15)))
    )
    (fp_text value LED (at 1.27 3.96 202.5) (layer F.Fab)
      (effects (font (size 1 1) (thickness 0.15)))
    )
    (fp_text user %R (at 1.25 0 202.5) (layer F.Fab)
      (effects (font (size 0.8 0.8) (thickness 0.2)))
    )
    (fp_line (start 4.5 -3.25) (end -1.95 -3.25) (layer F.CrtYd) (width 0.05))
    (fp_line (start 4.5 3.25) (end 4.5 -3.25) (layer F.CrtYd) (width 0.05))
    (fp_line (start -1.95 3.25) (end 4.5 3.25) (layer F.CrtYd) (width 0.05))
    (fp_line (start -1.95 -3.25) (end -1.95 3.25) (layer F.CrtYd) (width 0.05))
    (fp_line (start -1.29 -1.545) (end -1.29 1.545) (layer F.SilkS) (width 0.12))
    (fp_line (start -1.23 -1.469694) (end -1.23 1.469694) (layer F.Fab) (width 0.1))
    (fp_circle (center 1.27 0) (end 3.77 0) (layer F.SilkS) (width 0.12))
    (fp_circle (center 1.27 0) (end 3.77 0) (layer F.Fab) (width 0.1))
    (fp_arc (start 1.27 0) (end -1.29 1.54483) (angle -148.9) (layer F.SilkS) (width 0.12))
    (fp_arc (start 1.27 0) (end -1.29 -1.54483) (angle 148.9) (layer F.SilkS) (width 0.12))
    (fp_arc (start 1.27 0) (end -1.23 -1.469694) (angle 299.1) (layer F.Fab) (width 0.1))
    (pad 2 thru_hole circle (at 2.54 0 202.5) (size 1.8 1.8) (drill 0.9) (layers *.Cu *.Mask)
      (net 69 +3V3))
    (pad 1 thru_hole rect (at 0 0 202.5) (size 1.8 1.8) (drill 0.9) (layers *.Cu *.Mask)
      (net 63 "Net-(D23-Pad1)"))
    (model ${KISYS3DMOD}/LED_THT.3dshapes/LED_D5.0mm.wrl
      (at (xyz 0 0 0))
      (scale (xyz 1 1 1))
      (rotate (xyz 0 0 0))
    )
  )

  (module LED_THT:LED_D5.0mm (layer F.Cu) (tedit 5995936A) (tstamp 5E43DCEB)
    (at 62.583867 125.00066 213.75)
    (descr "LED, diameter 5.0mm, 2 pins, http://cdn-reichelt.de/documents/datenblatt/A500/LL-504BC2E-009.pdf")
    (tags "LED diameter 5.0mm 2 pins")
    (path /5E4350F5)
    (fp_text reference D22 (at 1.27 -3.96 213.75) (layer F.SilkS)
      (effects (font (size 1 1) (thickness 0.15)))
    )
    (fp_text value LED (at 1.27 3.96 213.75) (layer F.Fab)
      (effects (font (size 1 1) (thickness 0.15)))
    )
    (fp_arc (start 1.27 0) (end -1.23 -1.469694) (angle 299.1) (layer F.Fab) (width 0.1))
    (fp_arc (start 1.27 0) (end -1.29 -1.54483) (angle 148.9) (layer F.SilkS) (width 0.12))
    (fp_arc (start 1.27 0) (end -1.29 1.54483) (angle -148.9) (layer F.SilkS) (width 0.12))
    (fp_circle (center 1.27 0) (end 3.77 0) (layer F.Fab) (width 0.1))
    (fp_circle (center 1.27 0) (end 3.77 0) (layer F.SilkS) (width 0.12))
    (fp_line (start -1.23 -1.469694) (end -1.23 1.469694) (layer F.Fab) (width 0.1))
    (fp_line (start -1.29 -1.545) (end -1.29 1.545) (layer F.SilkS) (width 0.12))
    (fp_line (start -1.95 -3.25) (end -1.95 3.25) (layer F.CrtYd) (width 0.05))
    (fp_line (start -1.95 3.25) (end 4.5 3.25) (layer F.CrtYd) (width 0.05))
    (fp_line (start 4.5 3.25) (end 4.5 -3.25) (layer F.CrtYd) (width 0.05))
    (fp_line (start 4.5 -3.25) (end -1.95 -3.25) (layer F.CrtYd) (width 0.05))
    (fp_text user %R (at 1.25 0 213.75) (layer F.Fab)
      (effects (font (size 0.8 0.8) (thickness 0.2)))
    )
    (pad 1 thru_hole rect (at 0 0 213.75) (size 1.8 1.8) (drill 0.9) (layers *.Cu *.Mask)
      (net 66 "Net-(D22-Pad1)"))
    (pad 2 thru_hole circle (at 2.54 0 213.75) (size 1.8 1.8) (drill 0.9) (layers *.Cu *.Mask)
      (net 69 +3V3))
    (model ${KISYS3DMOD}/LED_THT.3dshapes/LED_D5.0mm.wrl
      (at (xyz 0 0 0))
      (scale (xyz 1 1 1))
      (rotate (xyz 0 0 0))
    )
  )

  (module LED_THT:LED_D5.0mm (layer F.Cu) (tedit 5995936A) (tstamp 5E43DCD9)
    (at 68.180194 131.819805 225)
    (descr "LED, diameter 5.0mm, 2 pins, http://cdn-reichelt.de/documents/datenblatt/A500/LL-504BC2E-009.pdf")
    (tags "LED diameter 5.0mm 2 pins")
    (path /5E4350E7)
    (fp_text reference D21 (at 1.27 -3.96 225) (layer F.SilkS)
      (effects (font (size 1 1) (thickness 0.15)))
    )
    (fp_text value LED (at 1.27 3.96 225) (layer F.Fab)
      (effects (font (size 1 1) (thickness 0.15)))
    )
    (fp_text user %R (at 1.25 0 225) (layer F.Fab)
      (effects (font (size 0.8 0.8) (thickness 0.2)))
    )
    (fp_line (start 4.5 -3.25) (end -1.95 -3.25) (layer F.CrtYd) (width 0.05))
    (fp_line (start 4.5 3.25) (end 4.5 -3.25) (layer F.CrtYd) (width 0.05))
    (fp_line (start -1.95 3.25) (end 4.5 3.25) (layer F.CrtYd) (width 0.05))
    (fp_line (start -1.95 -3.25) (end -1.95 3.25) (layer F.CrtYd) (width 0.05))
    (fp_line (start -1.29 -1.545) (end -1.29 1.545) (layer F.SilkS) (width 0.12))
    (fp_line (start -1.23 -1.469694) (end -1.23 1.469694) (layer F.Fab) (width 0.1))
    (fp_circle (center 1.27 0) (end 3.77 0) (layer F.SilkS) (width 0.12))
    (fp_circle (center 1.27 0) (end 3.77 0) (layer F.Fab) (width 0.1))
    (fp_arc (start 1.27 0) (end -1.29 1.54483) (angle -148.9) (layer F.SilkS) (width 0.12))
    (fp_arc (start 1.27 0) (end -1.29 -1.54483) (angle 148.9) (layer F.SilkS) (width 0.12))
    (fp_arc (start 1.27 0) (end -1.23 -1.469694) (angle 299.1) (layer F.Fab) (width 0.1))
    (pad 2 thru_hole circle (at 2.54 0 225) (size 1.8 1.8) (drill 0.9) (layers *.Cu *.Mask)
      (net 69 +3V3))
    (pad 1 thru_hole rect (at 0 0 225) (size 1.8 1.8) (drill 0.9) (layers *.Cu *.Mask)
      (net 41 "Net-(D21-Pad1)"))
    (model ${KISYS3DMOD}/LED_THT.3dshapes/LED_D5.0mm.wrl
      (at (xyz 0 0 0))
      (scale (xyz 1 1 1))
      (rotate (xyz 0 0 0))
    )
  )

  (module LED_THT:LED_D5.0mm (layer F.Cu) (tedit 5995936A) (tstamp 5E43DCC7)
    (at 74.999339 137.416132 236.25)
    (descr "LED, diameter 5.0mm, 2 pins, http://cdn-reichelt.de/documents/datenblatt/A500/LL-504BC2E-009.pdf")
    (tags "LED diameter 5.0mm 2 pins")
    (path /5E4350D9)
    (fp_text reference D20 (at 1.27 -3.96 236.25) (layer F.SilkS)
      (effects (font (size 1 1) (thickness 0.15)))
    )
    (fp_text value LED (at 1.27 3.96 236.25) (layer F.Fab)
      (effects (font (size 1 1) (thickness 0.15)))
    )
    (fp_arc (start 1.27 0) (end -1.23 -1.469694) (angle 299.1) (layer F.Fab) (width 0.1))
    (fp_arc (start 1.27 0) (end -1.29 -1.54483) (angle 148.9) (layer F.SilkS) (width 0.12))
    (fp_arc (start 1.27 0) (end -1.29 1.54483) (angle -148.9) (layer F.SilkS) (width 0.12))
    (fp_circle (center 1.27 0) (end 3.77 0) (layer F.Fab) (width 0.1))
